11.262 19.302 0.18
0 0 0.1346 0.9909

12.788 19.616 0.18
0 0 0.03756 0.99929

16.063 19.395 0.18
0 0 -0.059578 0.99822

21.753 19.056 0.18
0 0 -0.010104 0.99995

23.337 18.607 0.18
0 0 -0.37763 0.92596

23.799 16.425 0.18
0 0 -0.71875 0.69526

23.184 8.5604 0.18
0 0 -0.60337 0.79746

23.464 6.9723 0.18
0 0 -0.83422 0.55143

20.725 5.9678 0.18
0 0 0.99978 -0.021211

12.177 6.472 0.18
0 0 0.99827 0.058781

10.777 7.2069 0.18
0 0 0.91144 0.41143

10.342 9.6052 0.18
0 0 0.66772 0.74442

11.109 18.497 0.18
0 0 0.51802 0.85537



