235 220
235 221
235 222
235 223
235 224
235 225
235 226
235 227
235 228
235 229
235 230
235 231
235 232
235 233
235 234
235 235
235 236
235 237
235 238
235 239
235 240
235 241
235 242
235 243
235 244
235 245
235 246
235 247
235 248
235 249
235 250
235 251
235 252
235 253
235 254
235 255
235 256
235 257
235 258
235 259
235 260
235 261
235 262
235 263
235 264
235 265
235 266
235 267
235 268
235 269
235 270
235 271
235 272
235 273
235 274
235 275
235 276
235 277
235 278
235 279
235 280
235 281
235 282
235 283
235 284
235 285
235 286
235 287
235 288
235 289
235 290
235 291
235 292
235 293
235 294
235 295
235 296
235 297
235 298
235 299
235 300
235 301
235 302
235 303
235 304
235 305
235 306
235 307
235 308
235 309
235 310
235 311
235 312
235 313
235 314
235 315
235 316
235 317
235 318
235 319
235 320
235 321
235 322
235 323
235 324
235 325
235 326
235 327
235 328
235 329
235 330
235 331
235 332
235 333
236 333
237 333
237 334
238 334
239 334
239 335
239 336
239 337
239 338
239 339
239 340
239 341
239 342
239 343
239 344
239 345
239 346
239 347
239 348
239 349
239 350
239 351
239 352
239 353
239 354
239 355
239 356
239 357
239 358
239 359
239 360
239 361
239 362
239 363
239 364
239 365
239 366
239 367
239 368
239 369
239 370
239 371
239 372
239 373
239 374
239 375
239 376
239 377
239 378
239 379
239 380
239 381
239 382
239 383
239 384
239 385
239 386
239 387
239 388
239 389
239 390
239 391
239 392
239 393
239 394
239 395
239 396
239 397
239 398
239 399
239 400
239 401
239 402
239 403
239 404
239 405
239 406
239 407
239 408
239 409
239 410
239 411
239 412
239 413
239 414
239 415
239 416
239 417
239 418
239 419
239 420
239 421
239 422
239 423
239 424
239 425
239 426
240 426
241 426
242 426
243 426
243 427
243 428
243 429
243 430
243 431
243 432
243 433
243 434
243 435
243 436
244 436
244 437
244 438
244 439
244 440
245 440
245 441
245 442
245 443
246 443
246 444
246 445
246 446
246 447
246 448
246 449
246 450
246 451
246 452
246 453
246 454
246 455
246 456
246 457
246 458
246 459
247 459
247 460
247 461
247 462
247 463
247 464
247 465
247 466
247 467
247 468
247 469
247 470
247 471
247 472
247 473
247 474
248 474
249 474
249 475
250 475
250 475
251 475
252 475
253 475
254 475
255 475
256 475
257 475
258 475
259 475
260 475
261 475
262 475
263 475
264 475
265 475
266 475
267 475
268 475
269 475
270 475
271 475
272 475
273 475
274 475
275 475
276 475
277 475
278 475
279 475
280 475
281 475
282 475
283 475
284 475
285 475
286 475
287 475
288 475
289 475
290 475
291 475
292 475
293 475
294 475
295 475
296 475
297 475
298 475
299 475
300 475
301 475
302 475
303 475
304 475
305 475
306 475
307 475
308 475
309 475
310 475
311 475
312 475
313 475
314 475
315 475
316 475
317 475
318 475
319 475
320 475
321 475
322 475
323 475
324 475
325 475
326 475
327 475
328 475
329 475
330 475
331 475
332 475
333 475
334 475
335 475
336 475
337 475
338 475
339 475
340 475
341 475
342 475
343 475
344 475
345 475
346 475
347 475
348 475
349 475
350 475
351 475
352 475
353 475
354 475
355 475
356 475
357 475
358 475
359 475
360 475
361 475
362 475
363 475
363 474
363 473
364 473
364 472
365 472
366 472
367 472
368 472
369 472
370 472
371 472
372 472
373 472
374 472
375 472
376 472
377 472
378 472
379 472
380 472
381 472
382 472
383 472
384 472
385 472
386 472
387 472
388 472
389 472
390 472
391 472
392 472
393 472
394 472
395 472
396 472
397 472
398 472
399 472
400 472
401 472
402 472
403 472
404 472
405 472
406 472
407 472
408 472
409 472
410 472
411 472
412 472
413 472
414 472
415 472
416 472
417 472
418 472
419 472
420 472
421 472
422 472
423 472
424 472
425 472
426 472
427 472
428 472
429 472
430 472
431 472
432 472
433 472
434 472
435 472
436 472
437 472
437 471
438 471
439 471
440 471
441 471
442 471
443 471
444 471
445 471
446 471
447 471
447 470
448 470
448 469
449 469
449 468
449 467
450 467
450 466
451 466
452 466
453 466
454 466
455 466
456 466
457 466
458 466
459 466
460 466
461 466
462 466
463 466
464 466
465 466
466 466
467 466
468 466
469 466
470 466
471 466
472 466
473 466
474 466
475 466
476 466
477 466
478 466
479 466
480 466
481 466
482 466
483 466
484 466
485 466
486 466
487 466
488 466
489 466
490 466
491 466
492 466
493 466
494 466
495 466
495 465
495 464
495 463
495 462
496 462
496 461
497 461
498 461
499 461
499 460
500 460
500 460
500 459
500 458
500 457
501 457
502 457
502 456
502 455
502 454
502 453
502 452
502 451
502 450
502 449
502 448
502 447
502 446
502 445
502 444
502 443
502 442
502 441
502 440
502 439
502 438
502 437
502 436
502 435
502 434
502 433
502 432
502 431
502 430
502 429
502 428
502 427
502 426
502 425
502 424
502 423
502 422
502 421
502 420
502 419
502 418
502 417
502 416
502 415
502 414
502 413
502 412
502 411
502 410
502 409
502 408
502 407
502 406
502 405
502 404
502 403
502 402
502 401
502 400
502 399
502 398
502 397
502 396
502 395
502 394
502 393
502 392
502 391
502 390
502 389
502 388
502 387
502 386
502 385
502 384
502 383
502 382
502 381
502 380
502 379
502 378
502 377
502 376
502 375
502 374
502 373
502 372
502 371
502 370
502 369
502 368
502 367
502 366
502 365
502 364
502 363
502 362
502 361
502 360
502 359
502 358
502 357
502 356
502 355
502 354
502 353
502 352
502 351
502 350
502 349
502 348
502 347
502 346
502 345
502 344
502 343
502 342
502 341
502 340
502 339
502 338
502 337
502 336
502 335
502 334
502 333
502 332
502 331
502 330
502 329
502 328
502 327
502 326
502 325
502 324
502 323
502 322
502 321
502 320
502 319
502 318
502 317
502 316
502 315
502 314
502 313
502 312
502 311
502 310
502 309
502 308
502 307
502 306
502 305
502 304
502 303
502 302
502 301
502 300
502 299
502 298
502 297
502 296
502 295
502 294
502 293
502 292
502 291
502 290
502 289
502 288
502 287
502 286
502 285
502 284
502 283
502 282
502 281
502 280
502 279
502 278
502 277
502 276
502 275
502 274
502 273
502 272
502 271
502 270
502 269
502 268
502 267
502 266
502 265
502 264
502 263
502 262
502 261
502 260
502 259
502 258
502 257
502 256
502 255
502 254
502 253
501 253
501 252
501 251
501 250
501 249
501 248
501 247
501 246
501 245
500 245
500 244
500 243
500 242
500 241
500 240
500 239
500 238
499 238
499 237
499 236
499 235
499 234
499 233
499 232
499 231
499 230
499 229
499 228
499 227
499 226
499 225
499 224
499 223
499 222
499 221
499 220
499 219
499 218
499 217
499 216
499 215
498 215
497 215
497 214
496 214
496 213
496 212
496 211
495 211
494 211
494 210
493 210
492 210
492 209
491 209
491 208
491 207
491 206
490 206
490 205
490 205
489 205
488 205
487 205
486 205
485 205
484 205
483 205
482 205
481 205
480 205
479 205
478 205
477 205
476 205
475 205
474 205
473 205
472 205
471 205
470 205
469 205
468 205
467 205
466 205
465 205
464 205
463 205
462 205
461 205
460 205
459 205
458 205
457 205
456 205
455 205
454 205
453 205
452 205
451 205
450 205
449 205
448 205
447 205
446 205
445 205
444 205
443 205
442 205
441 205
440 205
439 205
438 205
437 205
436 205
435 205
434 205
433 205
432 205
431 205
430 205
429 205
428 205
427 205
426 205
425 205
424 205
423 205
422 205
421 205
420 205
419 205
418 205
417 205
416 205
415 205
414 205
413 205
412 205
411 205
410 205
409 205
408 205
407 205
406 205
405 205
404 205
403 205
402 205
401 205
400 205
399 205
398 205
397 205
396 205
395 205
394 205
393 205
392 205
391 205
390 205
389 205
388 205
387 205
386 205
385 205
384 205
383 205
382 205
381 205
381 206
380 206
380 207
380 208
379 208
379 209
378 209
377 209
377 210
376 210
375 210
374 210
373 210
372 210
371 210
370 210
369 210
368 210
367 210
366 210
365 210
364 210
363 210
362 210
361 210
360 210
359 210
358 210
357 210
356 210
355 210
354 210
353 210
352 210
351 210
350 210
349 210
348 210
347 210
346 210
345 210
344 210
343 210
342 210
341 210
340 210
339 210
338 210
337 210
336 210
335 210
335 211
334 211
333 211
332 211
331 211
330 211
329 211
328 211
327 211
326 211
325 211
324 211
323 211
322 211
321 211
320 211
319 211
318 211
317 211
316 211
315 211
314 211
313 211
312 211
311 211
310 211
309 211
308 211
307 211
306 211
305 211
304 211
303 211
302 211
301 211
300 211
299 211
298 211
297 211
296 211
295 211
294 211
293 211
292 211
291 211
290 211
289 211
288 211
287 211
286 211
285 211
285 212
284 212
283 212
282 212
281 212
280 212
279 212
278 212
277 212
276 212
275 212
274 212
273 212
272 212
271 212
270 212
269 212
268 212
267 212
266 212
265 212
264 212
263 212
262 212
261 212
260 212
259 212
258 212
257 212
256 212
255 212
254 212
253 212
252 212
251 212
250 212
249 212
248 212
247 212
247 213
246 213
245 213
244 213
244 214
243 214
242 214
241 214
241 215
241 216
240 216
240 217
240 218
239 218
239 219
238 219
237 219
236 219
236 220
235 220
